-0.0925833135843277
0.14577677845954895
0.02451222576200962
-0.03645377606153488
-0.1635371744632721
-0.01230714377015829
-0.011515622958540916
-0.14986136555671692
0.1655927151441574
0.09737464785575867
0.22321344912052155
-0.03492369130253792
-0.3107743263244629
-0.0018179193139076233
-0.10712933540344238
0.08925438672304153
-0.2331470102071762
-0.08334483951330185
-0.012799887917935848
-0.05527489632368088
-0.010132050141692162
0.011730950325727463
0.08936339616775513
0.07033182680606842
-0.04568001627922058
-0.29531654715538025
-0.035680994391441345
-0.07100223749876022
0.14350847899913788
-0.12102250754833221
0.05233126878738403
0.1241813376545906
-0.237639918923378
-0.13209226727485657
0.07449288666248322
0.12044037133455276
-0.09279290586709976
-0.0946633592247963
0.2881416380405426
0.044019728899002075
-0.02566288784146309
0.01934586651623249
0.013397682458162308
0.3443894386291504
0.1549147665500641
0.04781138524413109
0.0034454520791769028
-0.11249229311943054
0.13709932565689087
-0.26259079575538635
0.07746759057044983
0.2311684936285019
0.15284796059131622
0.0371951162815094
-0.026500293985009193
-0.2155657559633255
0.06752228736877441
0.09916096925735474
-0.28192830085754395
0.15278762578964233
0.15809722244739532
-0.029521198943257332
-0.03387841954827309
-0.06076538935303688
0.20135003328323364
0.05670303478837013
-0.10822169482707977
-0.10962138324975967
0.11915672570466995
-0.09814324975013733
-0.027494514361023903
0.06188757345080376
-0.12891410291194916
-0.1979711651802063
-0.21960587799549103
0.06318260729312897
0.3441174030303955
0.07195829600095749
-0.18547947704792023
-0.04814546927809715
-0.06957497447729111
-0.050783056765794754
-0.004878438077867031
0.00476111238822341
-0.13174369931221008
-0.09321492910385132
-0.12691383063793182
0.016233019530773163
0.18240326642990112
-0.015233861282467842
-0.07877840846776962
0.2791867256164551
0.039405226707458496
0.005937999114394188
0.054419055581092834
0.05243311822414398
-0.07630781829357147
0.024869658052921295
-0.19034349918365479
0.005728413350880146
0.030805733054876328
-0.16707631945610046
-0.009175526909530163
0.06363772600889206
-0.20869117975234985
0.11230064183473587
0.015222582966089249
-0.03974784538149834
-0.018677374348044395
-0.13700832426548004
-0.2492760717868805
-0.009586988016963005
0.2947111427783966
-0.3155516982078552
0.3381801247596741
0.1975656896829605
0.11111240088939667
0.11669082939624786
0.08212919533252716
0.02491752803325653
0.06419088691473007
-0.015686653554439545
-0.04392918944358826
-0.10856199264526367
0.05127326026558876
-0.07302222400903702
0.005448119714856148
0.031122896820306778
