-0.06680740416049957
0.1600537896156311
0.07602017372846603
0.01678573340177536
-0.10823038965463638
0.07908132672309875
-0.04012806713581085
0.04133763164281845
0.17409098148345947
0.0062407334335148335
0.19763517379760742
-0.03687819465994835
-0.36231672763824463
0.055778078734874725
-0.058654457330703735
0.18031345307826996
-0.07952845841646194
-0.023015812039375305
-0.11920328438282013
-0.041536249220371246
0.10149022936820984
0.07740367203950882
-0.024985600262880325
0.041809745132923126
-0.1606052815914154
-0.30596619844436646
-0.049601055681705475
-0.07290349900722504
0.006242670118808746
-0.18334901332855225
-0.028652377426624298
0.008463514968752861
-0.17022275924682617
-0.07087445259094238
0.027902772650122643
-0.0026740115135908127
0.006632932927459478
-0.08684936165809631
0.21097485721111298
0.08925565332174301
-0.12241281569004059
0.0298390444368124
-0.005278944969177246
0.2866513431072235
0.05065884441137314
0.058213215321302414
0.06895096600055695
-0.021848492324352264
0.10573912411928177
-0.28018930554389954
0.0801483690738678
0.09159357100725174
0.1512630581855774
0.05416232347488403
0.094955675303936
-0.2084812968969345
-0.0009459145367145538
0.1953829973936081
-0.24582606554031372
0.17079900205135345
0.07183689624071121
-0.09196270257234573
-0.05055410787463188
-0.07548230141401291
0.18138426542282104
0.048013024032115936
-0.13300812244415283
-0.10870162397623062
0.12509983777999878
-0.06423201411962509
0.044973596930503845
0.07605548948049545
-0.06730703264474869
-0.188602477312088
-0.3100067675113678
0.11868257075548172
0.40738344192504883
0.17051374912261963
-0.2644047141075134
-0.047158073633909225
-0.055996641516685486
-5.814991891384125e-05
0.03434162959456444
0.034639712423086166
-0.04643390700221062
-0.039528101682662964
-0.09152013808488846
0.03886010870337486
0.16800136864185333
-0.0006184522062540054
-0.015298466198146343
0.27538856863975525
0.03618171066045761
-0.0176820307970047
-0.041822683066129684
0.03698185086250305
-0.15057092905044556
-0.09202433377504349
-0.010633893311023712
0.03402448818087578
0.01225263997912407
-0.1180136501789093
-0.016858164221048355
0.07907004654407501
-0.19730468094348907
0.10371922701597214
-0.03406236320734024
-0.060103535652160645
-0.046349938958883286
0.05608062446117401
-0.1908266246318817
-0.014112276956439018
0.19225962460041046
-0.33137378096580505
0.14445851743221283
0.1688845157623291
-0.022167915478348732
0.103657066822052
0.03268471360206604
0.0858214721083641
0.039668917655944824
0.002722986973822117
-0.1318686157464981
-0.16040605306625366
0.09595146030187607
-0.06355970352888107
0.02971612475812435
0.016881324350833893
