-0.04257446527481079
0.13688115775585175
0.08078498393297195
0.01352184172719717
-0.16533289849758148
0.027545783668756485
-0.12088017165660858
-0.0671863704919815
0.12202928960323334
-0.047304216772317886
0.25498050451278687
0.03705412149429321
-0.21185852587223053
-0.08283495903015137
-0.10949245095252991
0.04875107482075691
-0.1475595086812973
-0.08849825710058212
-0.053294483572244644
0.008299042470753193
-0.046506378799676895
0.04037122055888176
0.06734742224216461
0.0428750216960907
-0.10955668240785599
-0.31381216645240784
-0.09432077407836914
-0.01741003803908825
0.11833125352859497
-0.1315390169620514
-0.03707008808851242
0.05163281783461571
-0.20790386199951172
-0.13664096593856812
0.029599055647850037
0.07446146756410599
-0.13316726684570312
-0.07543317973613739
0.2195993959903717
0.0333717055618763
-0.11095171421766281
0.046645089983940125
-0.017308995127677917
0.307086318731308
0.11923912912607193
0.11106336116790771
-0.002811197191476822
-0.07616879791021347
0.09904953837394714
-0.22785167396068573
0.05575378239154816
0.24303509294986725
0.19298872351646423
0.06601999700069427
0.06517612934112549
-0.22794213891029358
0.11090879142284393
0.15753409266471863
-0.17448954284191132
0.06315862387418747
-0.024733303114771843
-0.08656700700521469
0.12825921177864075
-0.04483160004019737
0.21426819264888763
0.05932261422276497
-0.02743615210056305
-0.1255071610212326
0.1837800294160843
-0.07297086715698242
0.003893457353115082
0.15454475581645966
-0.041463326662778854
-0.17377471923828125
-0.23311658203601837
-0.005243878811597824
0.36084622144699097
0.2083774209022522
-0.1558639109134674
-0.014662988483905792
-0.13744723796844482
-0.07202357053756714
-0.045284420251846313
-0.003805248998105526
-0.1615329086780548
-0.08855808526277542
-0.14937113225460052
-0.025612495839595795
0.154886394739151
0.03894439712166786
-0.041026320308446884
0.1830517053604126
0.07423295080661774
0.034981176257133484
0.08604925125837326
-0.04593931883573532
-0.1753009706735611
0.057855792343616486
-0.05887356400489807
0.03316529095172882
-0.008135977201163769
-0.165909543633461
0.025087757036089897
0.09720740467309952
-0.192338764667511
0.16986775398254395
0.006947396323084831
-0.033695466816425323
0.013682505115866661
-0.0014364999951794744
-0.12307511270046234
0.014479616656899452
0.20246650278568268
-0.4011681079864502
0.30890464782714844
0.14387644827365875
0.06138946861028671
0.2035704106092453
0.11075148731470108
0.07955443114042282
-0.07424767315387726
-0.08716252446174622
-0.08400298655033112
-0.15809930860996246
0.0014783544465899467
-0.16043740510940552
0.10580765455961227
0.0629989504814148
